(11, 66)
(6, 34)
(38, 183)
(0, 59)
(34, 52)
(11, 81)
(93, 96)
(40, 68)
(162, 387)
(0, 21)
(14, 55)
(12, 43)
(46, 111)
(0, 69)
(0, 69)
(31, 66)
(21, 90)
(20, 43)
(29, 57)
(59, 74)
(138, 268)
(217, 267)
(9, 59)
(259, 305)
(68, 80)
(12, 45)
(93, 137)
(15, 66)
(77, 79)
(59, 131)
(58, 333)
(55, 119)
(22, 120)
(96, 117)
(41, 68)
(109, 195)
(23, 189)
(31, 112)
(10, 21)
(49, 92)
(24, 47)
(52, 189)
(0, 112)
(52, 206)
(4, 26)
(0, 59)
(0, 231)
(0, 150)
(5, 101)
(4, 58)
(59, 101)
(28, 92)
(146, 163)
(31, 40)
(3, 140)
(122, 140)
(9, 17)
(90, 155)
(24, 133)
(45, 77)
(128, 145)
(276, 296)
(38, 44)
(40, 58)
(94, 105)
(3, 110)
(40, 58)
(12, 24)
(43, 111)
(106, 296)
(17, 20)
(6, 63)
(7, 9)
(4, 19)
(0, 59)
(37, 510)
(223, 236)
(69, 254)
(0, 246)
(56, 113)
(61, 73)
(44, 49)
(27, 75)
(49, 65)
(0, 17)
(3, 51)
(78, 168)
(7, 216)
(337, 408)
(51, 181)
(70, 221)
(20, 35)
(23, 96)
(0, 50)
(12, 140)
(36, 182)
(4, 140)
(7, 26)
(26, 167)
(67, 178)
(190, 196)
(98, 144)
(17, 40)
(95, 162)
(85, 357)
(28, 95)
(0, 48)
(2, 224)
(24, 89)
(134, 289)
(100, 107)
(0, 35)
(0, 160)
(61, 101)
(165, 366)
(40, 219)
(136, 149)
(40, 251)
(14, 15)
(0, 67)
(110, 174)
(17, 131)
(40, 48)
(113, 189)
(0, 159)
(14, 34)
(120, 136)
(69, 191)
(43, 55)
(68, 93)
(46, 119)
(29, 167)
(4, 44)
(165, 327)
(43, 273)
(81, 111)
(8, 72)
(1, 49)
(0, 90)
(3, 106)
(65, 98)
(10, 327)
(17, 19)
(17, 56)
(24, 116)
(43, 238)
(0, 58)
(54, 81)
(0, 124)
(48, 266)
(11, 62)
(273, 289)
(2, 230)
(326, 478)
(50, 201)
(44, 71)
(0, 49)
(16, 254)
(51, 236)
(5, 236)
(89, 222)
(1, 7)
(98, 106)
(66, 75)
(294, 510)
(32, 77)
(60, 404)
(94, 106)
(19, 126)
(0, 30)
(72, 123)
(179, 219)
(3, 23)
(5, 25)
(0, 145)
(152, 230)
(0, 70)
(195, 201)
(3, 131)
(53, 64)
(15, 21)
(24, 105)
(5, 10)
(34, 119)
(10, 122)
(50, 237)
(9, 40)
(188, 350)
(36, 104)
(8, 11)
(108, 113)
(35, 146)
(66, 79)
(19, 74)
(4, 36)
(20, 150)
(97, 107)
(194, 257)
(20, 107)
(79, 119)
(29, 105)
(0, 123)
(73, 97)
(46, 130)
(0, 4)
(7, 26)
(57, 157)
(31, 80)
(13, 88)
(28, 74)
(89, 128)
(1, 61)
(0, 79)
(0, 36)
(13, 217)
(0, 22)
(24, 27)
(3, 35)
(91, 187)
(225, 453)
(25, 92)
(72, 208)
(33, 74)
(129, 131)
(49, 91)
(127, 489)
(20, 74)
(0, 155)
(49, 91)
(64, 191)
(24, 45)
(0, 56)
(71, 149)
(27, 38)
(0, 34)
(0, 111)
(48, 87)
(12, 266)
(6, 93)
(6, 19)
(29, 30)
(153, 222)
(14, 115)
(6, 25)
(14, 60)
(43, 129)
(0, 15)
(62, 67)
(11, 84)
(23, 29)
(62, 168)
(14, 37)
(38, 91)
(28, 121)
(0, 74)
(53, 81)
(32, 85)
(0, 69)
(79, 124)
(7, 13)
(0, 201)
(69, 169)
(80, 101)
(20, 53)
(0, 228)
(19, 38)
(37, 55)
(33, 124)
(8, 31)
(31, 140)
(23, 32)
(31, 74)
(50, 143)
(0, 14)
(54, 92)
(0, 43)
(0, 67)
(20, 51)
(16, 20)
(52, 71)
(60, 139)
(34, 73)
(19, 451)
(0, 77)
(38, 91)
(36, 119)
(25, 82)
(190, 357)
(35, 55)
(45, 104)
(42, 62)
(28, 32)
(53, 304)
(80, 372)
(1, 127)
(17, 92)
(0, 123)
(0, 37)
(51, 131)
(33, 422)
(49, 63)
(62, 84)
(68, 163)
(65, 78)
(299, 330)
(41, 111)
(0, 16)
(15, 205)
(58, 99)
(26, 75)
(86, 90)
(2, 133)
(21, 88)
(25, 187)
(0, 72)
(57, 85)
(130, 191)
(0, 61)
(355, 478)
(43, 139)
(95, 109)
(2, 8)
(46, 86)
(103, 166)
(52, 161)
(22, 77)
(115, 196)
(0, 64)
(132, 138)
(19, 36)
(16, 19)
(29, 55)
(0, 13)
(3, 129)
(25, 100)
(53, 156)
(40, 81)
(32, 52)
(25, 236)
(32, 153)
(84, 105)
(31, 152)
(13, 93)
(50, 101)
(0, 80)
(32, 48)
(7, 169)
(49, 128)
(9, 93)
(11, 81)
(35, 216)
(2, 17)
(0, 46)
(147, 186)
(91, 96)
(14, 42)
(6, 247)
(23, 27)
(64, 221)
(4, 80)
(8, 78)
(53, 407)
(2, 23)
(17, 86)
(0, 61)
(0, 64)
(39, 65)
(14, 33)
(41, 42)
(20, 43)
(57, 66)
(183, 510)
(21, 75)
(49, 94)
(47, 446)
(11, 196)
(24, 74)
(66, 155)
(12, 65)
(1, 139)
(7, 34)
(19, 135)
(78, 86)
(13, 106)
(148, 156)
(367, 380)
(102, 128)
(28, 63)
(102, 250)
(16, 116)
(44, 182)
(90, 130)
(231, 233)
(6, 102)
(0, 28)
(41, 146)
(40, 72)
(104, 166)
(15, 60)
(10, 12)
(7, 72)
(39, 109)
(19, 122)
(14, 58)
(4, 55)
(23, 106)
(0, 74)
(34, 61)
(0, 19)
(0, 261)
(23, 81)
(46, 112)
(53, 64)
(52, 93)
(55, 66)
(21, 80)
(13, 37)
(24, 170)
(24, 79)
(9, 24)
(10, 510)
(81, 245)
(196, 284)
(41, 128)
(0, 149)
(7, 29)
(0, 132)
(0, 130)
(23, 52)
(15, 29)
(50, 74)
(0, 67)
(20, 261)
(11, 23)
(38, 208)
(0, 89)
(25, 53)
(133, 135)
(0, 69)
(51, 442)
(33, 134)
(24, 182)
(69, 109)
(196, 207)
(35, 60)
(137, 235)
(38, 103)
(0, 23)
(162, 167)
(12, 80)
(80, 101)
(60, 77)
(13, 53)
(50, 81)
(98, 152)
(21, 85)
(27, 37)
(22, 79)
(44, 46)
(131, 380)
(11, 146)
(112, 141)
(23, 51)
(11, 51)
(22, 77)
(4, 88)
(0, 14)
(25, 60)
(46, 77)
(186, 332)
(35, 362)
(0, 83)
(28, 159)
(5, 7)
(40, 59)
(24, 133)
(25, 48)
(38, 221)
(48, 56)
(0, 334)
(38, 105)
(70, 236)
(0, 60)
(347, 440)
(12, 19)
(11, 19)
(277, 455)
(45, 50)
(30, 118)
(67, 147)
(261, 284)
(0, 26)
(93, 139)
(3, 51)
(19, 55)
(3, 166)
(0, 56)
(44, 184)
(7, 98)
(51, 113)
(10, 25)
(11, 67)
(109, 114)
(9, 132)
(167, 173)
(53, 76)
(28, 95)
(154, 183)
(6, 136)
(15, 178)
(22, 145)
(60, 90)
(60, 66)
(0, 50)
(28, 65)
(46, 214)
(46, 47)
(30, 53)
(0, 73)
(0, 54)
(30, 43)
(22, 156)
(125, 262)
(19, 66)
(21, 51)
(16, 100)
(129, 510)
(19, 43)
(116, 215)
(56, 60)
(0, 64)
(0, 73)
(0, 87)
(126, 134)
(14, 44)
(153, 168)
(6, 68)
(7, 19)
(81, 510)
(2, 18)
(28, 51)
(54, 61)
(12, 29)
(0, 31)
(0, 36)
(0, 244)
(44, 217)
(7, 183)
(16, 19)
(7, 15)
(24, 45)
(61, 64)
(90, 118)
(200, 221)
(8, 71)
(7, 155)
(26, 328)
(40, 269)
(18, 25)
(4, 57)
(104, 111)
(484, 488)
(0, 12)
(267, 278)
(20, 43)
(166, 388)
(21, 47)
(0, 149)
(232, 356)
(9, 189)
(94, 199)
(6, 77)
(92, 94)
(0, 20)
(17, 111)
(0, 34)
(36, 78)
(35, 62)
(11, 101)
(127, 144)
(98, 107)
(119, 128)
(4, 157)
(61, 103)
(21, 24)
(89, 243)
(33, 53)
(0, 18)
(89, 284)
(180, 327)
(112, 148)
(22, 40)
(7, 64)
(65, 84)
(38, 73)
(219, 235)
(4, 97)
(79, 99)
(7, 12)
(7, 9)
(7, 22)
(37, 124)
(15, 135)
(15, 130)
(99, 137)
(52, 73)
(3, 35)
(19, 153)
(47, 186)
(3, 338)
(13, 172)
(111, 257)
(2, 200)
(5, 53)
(32, 136)
(41, 51)
(22, 56)
(0, 114)
(0, 53)
(49, 56)
(333, 510)
(32, 92)
(52, 115)
(13, 67)
(0, 126)
(23, 60)
(14, 76)
(156, 168)
(362, 510)
(16, 143)
(69, 105)
(15, 58)
(5, 189)
(30, 51)
(0, 56)
(12, 16)
(138, 161)
(53, 105)
(21, 78)
(6, 72)
(6, 32)
(152, 154)
(56, 71)
(15, 44)
(3, 18)
(11, 100)
(13, 101)
(1, 64)
(47, 60)
(98, 260)
(33, 61)
(46, 88)
(160, 252)
(126, 140)
(29, 114)
(9, 31)
(0, 214)
(24, 103)
(11, 116)
(39, 225)
(60, 235)
(33, 84)
(136, 186)
(55, 86)
(1, 18)
(7, 64)
(36, 254)
(0, 62)
(3, 60)
(77, 119)
(7, 55)
(115, 142)
(36, 95)
(12, 24)
(113, 189)
(122, 137)
(33, 137)
(24, 46)
(30, 112)
(78, 228)
(111, 165)
(0, 165)
(0, 36)
(52, 306)
(1, 70)
(1, 105)
(107, 162)
(34, 103)
(351, 449)
(131, 391)
(0, 60)
(33, 34)
(4, 38)
(0, 10)
(11, 17)
(40, 83)
(50, 65)
(10, 159)
(259, 262)
(51, 75)
(51, 70)
(8, 19)
(14, 71)
(54, 69)
(42, 242)
(6, 57)
(32, 54)
(0, 42)
(27, 59)
(14, 31)
(70, 262)
(82, 190)
(13, 85)
(0, 60)
(42, 73)
(17, 58)
(48, 52)
(56, 100)
(118, 510)
(56, 57)
(4, 238)
(17, 46)
(0, 46)
(488, 510)
(0, 89)
(9, 17)
(48, 180)
(48, 171)
(34, 163)
(0, 91)
(173, 291)
(40, 51)
(60, 77)
(24, 85)
(42, 135)
(226, 229)
(318, 327)
(16, 58)
(0, 60)
(25, 138)
(12, 35)
(76, 91)
(0, 200)
(105, 174)
(27, 257)
(243, 374)
(0, 205)
(96, 306)
(89, 167)
(0, 21)
(379, 392)
(48, 53)
(16, 59)
(18, 75)
(0, 41)
(0, 60)
(18, 83)
(56, 116)
(73, 137)
(10, 26)
(99, 123)
(3, 41)
(206, 372)
(123, 145)
(0, 25)
(78, 108)
(70, 89)
(39, 74)
(27, 133)
(42, 133)
(0, 11)
(25, 71)
(17, 22)
(0, 139)
(1, 52)
(33, 118)
(16, 77)
(93, 134)
(45, 162)
(124, 181)
(227, 230)
(12, 503)
(10, 24)
(65, 118)
(0, 150)
(78, 95)
(3, 49)
(42, 123)
(8, 9)
(254, 510)
(112, 120)
(189, 203)
(39, 73)
(28, 194)
(48, 96)
(0, 36)
(17, 93)
(206, 253)
(160, 244)
(16, 92)
(11, 93)
(40, 50)
(233, 238)
(63, 82)
(69, 86)
(71, 148)
(73, 162)
(2, 233)
(22, 25)
(108, 136)
(252, 275)
(13, 16)
(13, 15)
(107, 166)
(10, 154)
(0, 96)
(12, 156)
(4, 62)
(63, 69)
(231, 388)
(57, 81)
(201, 427)
(22, 127)
(69, 92)
(0, 220)
(60, 85)
(3, 132)
(49, 123)
(8, 16)
(183, 271)
(0, 63)
(15, 62)
(7, 71)
(87, 113)
(0, 105)
(26, 133)
(8, 320)
(41, 129)
(35, 84)
(0, 83)
(25, 30)
(43, 109)
(16, 33)
(103, 114)
(41, 83)
(0, 136)
(147, 239)
(6, 66)
(0, 194)
(21, 178)
(17, 33)
(5, 72)
(4, 154)
(87, 185)
(0, 10)
(4, 53)
(38, 56)
(35, 50)
(0, 109)
(15, 48)
(0, 55)
(98, 186)
(330, 340)
(22, 32)
(81, 199)
(16, 65)
(16, 50)
(2, 53)
(21, 75)
(38, 74)
(42, 56)
(31, 35)
(90, 101)
(84, 125)
(100, 112)
(0, 16)
(24, 223)
(21, 72)
(127, 179)
(5, 73)
(9, 99)
(29, 106)
(23, 331)
(0, 123)
(7, 57)
(242, 259)
(32, 176)
(4, 79)
(3, 68)
(165, 403)
(82, 108)
(110, 228)
(26, 163)
(123, 177)
(17, 74)
(107, 139)
(42, 57)
(32, 94)
(3, 10)
(48, 299)
(34, 35)
(106, 113)
(9, 110)
(14, 25)
(62, 108)
(0, 25)
(124, 132)
(0, 164)
(81, 197)
(57, 201)
(63, 217)
(6, 260)
(60, 157)
(0, 156)
(37, 69)
(36, 54)
(11, 184)
(21, 63)
(14, 17)
(95, 160)
(30, 41)
(0, 48)
(84, 87)
(0, 204)
(65, 69)
(30, 72)
(94, 255)
(4, 129)
(89, 191)
(93, 169)
(45, 56)
(6, 143)
(44, 66)
(8, 115)
(23, 33)
(173, 194)
(0, 12)
(22, 46)
(7, 34)
(34, 36)
(58, 128)
(10, 65)
(54, 95)
(6, 27)
(24, 117)
(27, 145)
(43, 47)
(24, 64)
(54, 123)
(63, 111)
(283, 419)
(14, 26)
(45, 50)
(7, 132)
(0, 77)
(119, 231)
(17, 60)
(21, 32)
(19, 113)
(1, 42)
(24, 62)
(5, 43)
(71, 510)
(0, 128)
(62, 143)
(17, 21)
(35, 171)
(31, 59)
(23, 109)
(14, 156)
(13, 71)
(65, 94)
(2, 26)
(182, 204)
(2, 97)
(32, 49)
(369, 374)
(49, 87)
(42, 83)
(35, 58)
(18, 26)
(86, 140)
(0, 36)
(15, 21)
(14, 32)
(174, 309)
(49, 203)
(20, 185)
(7, 138)
(15, 23)
(313, 329)
(0, 47)
(78, 267)
(139, 260)
(2, 42)
(0, 34)
(29, 105)
(18, 114)
(35, 51)
(54, 56)
(39, 58)
(0, 86)
(19, 152)
(43, 54)
(5, 54)
(202, 227)
(14, 80)
(27, 79)
(81, 124)
(11, 31)
(5, 70)
(0, 62)
(45, 61)
(0, 6)
(5, 93)
(178, 265)
(42, 49)
(16, 131)
(13, 151)
(61, 115)
(56, 83)
(129, 143)
(61, 124)
(34, 138)
(2, 19)
(86, 367)
(169, 218)
(18, 91)
(51, 68)
(228, 311)
(29, 39)
(26, 120)
(11, 26)
(50, 57)
(0, 82)
(29, 34)
(70, 132)
(10, 11)
(147, 259)
(26, 157)
(7, 109)
(144, 216)
(0, 106)
(20, 79)
(40, 155)
(83, 91)
(25, 103)
(2, 60)
(43, 117)
(15, 110)
(30, 43)
(14, 63)
(0, 53)
(95, 275)
(90, 139)
(59, 126)
(5, 69)
(28, 93)
(13, 40)
(253, 260)
(163, 375)
(31, 114)
(1, 46)
(193, 294)
(95, 142)
(0, 141)
(49, 105)
(39, 162)
(27, 68)
(0, 45)
(0, 59)
(0, 196)
(22, 314)
(12, 62)
(0, 58)
(17, 104)
(0, 35)
(61, 107)
(34, 144)
(58, 97)
(27, 238)
(0, 25)
(110, 125)
(30, 64)
(22, 136)
(41, 79)
(16, 44)
(20, 90)
(52, 228)
(0, 122)
(26, 58)
(39, 218)
(87, 145)
(103, 116)
(44, 189)
(88, 153)
(53, 94)
(33, 139)
(4, 43)
(0, 140)
(471, 510)
(28, 353)
(180, 212)
(64, 149)
(172, 173)
(55, 103)
(22, 263)
(74, 80)
(115, 231)
(2, 57)
(4, 15)
(8, 99)
(32, 58)
(1, 21)
(36, 82)
(46, 50)
(60, 64)
(12, 106)
(219, 510)
(3, 13)
(60, 91)
(21, 85)
(27, 89)
(4, 58)
(96, 125)
(13, 185)
(84, 179)
(50, 64)
(28, 101)
(31, 40)
(6, 81)
(61, 86)
(21, 510)
(1, 39)
(0, 8)
(40, 76)
(248, 359)
(35, 38)
(26, 224)
(62, 87)
(105, 407)
(130, 133)
(28, 126)
(42, 57)
(74, 193)
(79, 150)
(16, 107)
(25, 209)
(43, 131)
(49, 76)
(33, 166)
(117, 176)
(6, 11)
(66, 78)
(17, 20)
(266, 349)
(14, 81)
(58, 77)
(120, 131)
(23, 46)
(3, 58)
(164, 166)
(0, 130)
(28, 262)
(55, 95)
(0, 80)
(10, 195)
(19, 160)
(20, 123)
(52, 58)
(17, 100)
(25, 94)
(233, 282)
(11, 48)
(0, 86)
(10, 55)
(28, 46)
(227, 247)
(50, 53)
(62, 154)
(2, 18)
(0, 92)
(36, 120)
(103, 122)
(164, 185)
(44, 116)
(16, 117)
(0, 109)
(18, 63)
(104, 128)
(153, 291)
(110, 218)
(41, 94)
(49, 69)
(23, 209)
(36, 72)
(13, 120)
(346, 393)
(98, 144)
(24, 30)
(28, 109)
(8, 46)
(30, 217)
(49, 98)
(288, 307)
(5, 104)
(114, 227)
(32, 58)
(110, 367)
(161, 179)
(39, 167)
(6, 29)
(20, 63)
(32, 54)
(103, 134)
(10, 123)
(20, 63)
(99, 131)
(96, 106)
(0, 127)
(182, 344)
(0, 102)
(28, 142)
(0, 100)
(84, 231)
(22, 225)
(1, 39)
(98, 132)
(177, 510)
(7, 82)
(82, 114)
(38, 88)
(22, 46)
(0, 33)
(152, 179)
(107, 120)
(36, 49)
(8, 48)
(94, 97)
(28, 143)
(11, 25)
(193, 441)
(283, 344)
(9, 44)
(8, 27)
(96, 98)
(147, 153)
(60, 75)
(75, 136)
(3, 93)
(11, 51)
(34, 35)
(7, 13)
(6, 62)
(44, 77)
(33, 93)
(0, 15)
(38, 84)
(111, 144)
(144, 301)
(19, 151)
(14, 133)
(46, 76)
(34, 61)
(0, 25)
(101, 142)
(68, 107)
(44, 100)
(87, 94)
(127, 134)
(107, 365)
(62, 150)
(25, 48)
(270, 456)
(25, 64)
(10, 46)
(22, 107)
(54, 206)
(43, 89)
(103, 232)
(69, 102)
(16, 97)
(324, 510)
(7, 20)
(14, 68)
(46, 64)
(114, 116)
(39, 273)
(60, 167)
(51, 54)
(30, 510)
(44, 55)
(3, 72)
(43, 214)
(17, 24)
(127, 143)
(0, 125)
(12, 39)
(28, 210)
(5, 56)
(24, 26)
(21, 91)
(56, 202)
(123, 140)
(6, 79)
(50, 87)
(28, 196)
(4, 192)
(21, 59)
(17, 72)
(59, 72)
(3, 19)
(18, 76)
(4, 95)
(15, 112)
(28, 195)
(114, 145)
(80, 350)
(22, 63)
(41, 69)
(17, 71)
(13, 115)
(110, 147)
(77, 81)
(0, 53)
(7, 24)
(77, 129)
(10, 18)
(84, 241)
(57, 131)
(25, 60)
(0, 175)
(23, 126)
(25, 87)
(129, 215)
(109, 216)
(63, 164)
(10, 18)
(123, 178)
(27, 76)
(177, 212)
(12, 21)
(9, 39)
(31, 48)
(0, 36)
(92, 142)
(49, 262)
(160, 166)
(67, 125)
(59, 140)
(0, 96)
(43, 219)
(4, 84)
(218, 510)
(7, 43)
(64, 96)
(18, 149)
(7, 83)
(18, 123)
(84, 109)
(51, 87)
(0, 206)
(16, 136)
(0, 11)
(107, 166)
(23, 205)
(73, 202)
(31, 158)
(1, 78)
(141, 203)
(12, 25)
(57, 126)
(26, 41)
(33, 79)
(25, 76)
(22, 35)
(21, 27)
(20, 61)
(230, 243)
(19, 21)
(10, 168)
(22, 137)
(6, 75)
(71, 269)
(0, 131)
(17, 105)
(30, 80)
(107, 114)
(73, 75)
(103, 106)
(26, 81)
(13, 62)
(1, 79)
(44, 64)
(0, 25)
(123, 182)
(28, 35)
(38, 76)
(5, 85)
(35, 63)
(32, 251)
(42, 321)
(9, 191)
(23, 30)
(4, 30)
(35, 121)
(7, 48)
(50, 117)
(6, 180)
(47, 70)
(32, 35)
(0, 128)
(57, 100)
(338, 349)
(12, 86)
(116, 142)
(26, 156)
(0, 31)
(7, 20)
(53, 169)
(26, 116)
(45, 100)
(4, 24)
(112, 346)
(53, 179)
(57, 115)
(0, 19)
(81, 197)
(0, 183)
(1, 31)
(22, 174)
(138, 510)
(5, 297)
(7, 53)
(11, 16)
(6, 66)
(36, 171)
(54, 99)
(93, 102)
(48, 70)
(164, 223)
(14, 44)
(452, 510)
(2, 29)
(22, 132)
(4, 71)
(48, 316)
(70, 104)
(91, 158)
(75, 225)
(27, 32)
(6, 47)
(118, 351)
(16, 77)
(23, 50)
(10, 52)
(126, 168)
(119, 191)
(73, 138)
(73, 204)
(21, 75)
(118, 246)
(0, 16)
(144, 164)
(101, 187)
(17, 58)
(21, 124)
(5, 18)
(0, 24)
(6, 42)
(0, 16)
(20, 194)
(3, 21)
(38, 87)
(75, 140)
(78, 117)
(9, 79)
(50, 178)
(98, 167)
(220, 290)
(275, 281)
(56, 95)
(101, 141)
(135, 184)
(87, 329)
(104, 112)
(82, 129)
(22, 140)
(101, 122)
(248, 278)
(17, 86)
(14, 92)
(0, 26)
(30, 207)
(195, 281)
(35, 178)
(216, 253)
(144, 172)
(15, 19)
(68, 73)
(229, 395)
(10, 53)
(10, 85)
(84, 86)
(2, 76)
(47, 66)
(78, 114)
(0, 52)
(20, 25)
(67, 88)
(79, 128)
(13, 19)
(82, 85)
(38, 84)
(4, 137)
(0, 87)
(196, 228)
(26, 150)
(9, 76)
(10, 187)
(216, 317)
(141, 145)
(2, 91)
(20, 48)
(0, 12)
(51, 75)
(199, 210)
(19, 95)
(2, 95)
(254, 318)
(0, 87)
(84, 94)
(0, 5)
(90, 148)
(52, 63)
(11, 110)
(20, 63)
(16, 22)
(251, 292)
(49, 89)
(14, 42)
(124, 339)
(5, 7)
(28, 83)
(285, 354)
(32, 131)
(21, 160)
(9, 510)
(35, 87)
(9, 44)
(103, 162)
(37, 47)
(31, 40)
(61, 141)
(0, 28)
(11, 102)
(83, 96)
(84, 177)
(40, 88)
(5, 94)
(0, 140)
(21, 169)
(24, 97)
(99, 115)
(126, 180)
(24, 28)
(80, 83)
(8, 61)
(24, 78)
(60, 75)
(52, 96)
(10, 26)
(38, 82)
(226, 233)
(29, 134)
(3, 19)
(98, 101)
(10, 51)
(73, 136)
(39, 124)
(11, 206)
(24, 179)
(153, 222)
(10, 37)
(5, 24)
(16, 72)
(75, 95)
(3, 24)
(0, 101)
(65, 69)
(60, 169)
(119, 121)
(18, 78)
(2, 62)
(81, 167)
(43, 98)
(23, 53)
(58, 288)
(5, 7)
(0, 123)
(15, 181)
(37, 56)
(14, 150)
(30, 233)
(89, 130)
(35, 67)
(71, 510)
(133, 143)
(0, 102)
(47, 145)
(80, 85)
(11, 66)
(54, 212)
(0, 24)
(104, 180)
(21, 406)
(16, 34)
(47, 86)
(176, 240)
(149, 196)
(0, 51)
(16, 71)
(56, 87)
(36, 43)
(0, 156)
(36, 70)
(0, 42)
(8, 79)
(10, 76)
(262, 338)
(19, 124)
(60, 72)
(25, 59)
(8, 123)
(243, 510)
(57, 510)
(0, 83)
(17, 75)
(11, 259)
(168, 282)
(73, 188)
(36, 85)
(3, 11)
(19, 56)
(26, 48)
(48, 71)
(1, 31)
(25, 53)
(42, 167)
(66, 117)
(3, 71)
(30, 68)
(6, 35)
(71, 135)
(53, 93)
(17, 90)
(24, 44)
(11, 89)
(19, 38)
(0, 24)
(43, 49)
(36, 55)
(27, 111)
(0, 56)
(49, 67)
(374, 510)
(142, 144)
(47, 100)
(0, 14)
(74, 121)
(8, 79)
(14, 105)
(32, 184)
(6, 84)
(49, 209)
(48, 137)
(22, 109)
(60, 337)
(32, 37)
(96, 330)
(10, 83)
(7, 121)
(12, 79)
(13, 24)
(198, 208)
(36, 69)
(13, 93)
(58, 78)
(15, 28)
(148, 164)
(0, 4)
(137, 151)
(27, 120)
(1, 68)
(21, 26)
(56, 177)
(27, 65)
(14, 99)
(16, 113)
(0, 9)
(0, 127)
(56, 84)
(5, 47)
(14, 100)
(118, 144)
(57, 118)
(111, 171)
(24, 144)
(4, 29)
(200, 260)
(0, 96)
(49, 116)
(1, 30)
(41, 163)
(1, 65)
(8, 22)
(147, 176)
(64, 110)
(126, 169)
(123, 156)
(59, 73)
(53, 62)
(39, 58)
(18, 95)
(38, 175)
(89, 122)
(42, 70)
(3, 174)
(179, 193)
(15, 45)
(223, 230)
(82, 113)
(49, 192)
(0, 117)
(0, 9)
(84, 101)
(43, 55)
(0, 113)
(22, 43)
(2, 351)
(34, 241)
(115, 185)
(45, 104)
(26, 79)
